0 0.580675 0.660000 0.005629 0.006667
0 0.530019 0.303333 0.054409 0.020000
1 0.603189 0.226667 0.020638 0.006667
1 0.745779 0.458333 0.046904 0.023333
1 0.555347 0.261667 0.037523 0.016667
0 0.585366 0.246667 0.045028 0.020000
0 0.406191 0.280000 0.031895 0.013333
2 0.452158 0.336667 0.015009 0.006667
2 0.631332 0.400000 0.028143 0.013333
2 0.758912 0.370000 0.028143 0.020000
1 0.791745 0.433333 0.056285 0.060000
2 0.781426 0.238333 0.016886 0.010000
1 0.747655 0.535000 0.114447 0.103333
1 0.666979 0.383333 0.024390 0.020000
0 0.621951 0.366667 0.054409 0.040000
0 0.667917 0.310000 0.093809 0.033333
0 0.677298 0.661667 0.198874 0.096667
0 0.494371 0.566667 0.080675 0.066667
0 0.693246 0.850000 0.163227 0.200000
0 0.366792 0.438333 0.050657 0.036667
0 0.055347 0.456667 0.110694 0.073333
0 0.396811 0.670000 0.163227 0.126667
1 0.621951 0.530000 0.039400 0.040000
