1 0.068966 0.551724 0.120690 0.086207
2 1.155172 0.443966 0.103448 0.025862
1 1.155172 0.482759 0.103448 0.000000
2 1.090517 0.672414 0.060345 0.051724
2 0.206897 0.379310 0.034483 0.051724
2 0.262931 0.349138 0.077586 0.043103
1 0.025862 0.875000 0.051724 0.060345
1 0.112069 0.642241 0.224138 0.112069
1 0.504310 0.090517 0.043103 0.025862
1 0.301724 0.293103 0.068966 0.034483
2 0.551724 0.198276 0.034483 0.017241
2 0.168103 0.556034 0.025862 0.025862
1 0.193966 0.525862 0.043103 0.034483
1 0.224138 0.465517 0.086207 0.068966
1 0.353448 0.219828 0.068966 0.025862
1 0.353448 0.168103 0.051724 0.043103
2 0.534483 0.163793 0.034483 0.017241
