1 0.580153 0.020000 0.064122 0.040000
1 0.642748 0.048333 0.039695 0.050000
0 0.448092 0.096667 0.068702 0.040000
2 0.898473 0.481667 0.053435 0.090000
1 0.763359 0.446667 0.048855 0.093333
1 0.653435 0.341667 0.073282 0.150000
1 0.548855 0.228333 0.099237 0.090000
2 0.473282 0.905000 0.088550 0.156667
0 0.345038 0.013333 0.085496 0.026667
0 0.470992 0.031667 0.120611 0.050000
0 0.580916 0.110000 0.077863 0.120000
0 0.310687 0.428333 0.328244 0.423333
0 0.647328 0.743333 0.338931 0.506667
0 0.718321 0.285000 0.077863 0.103333
0 0.328244 0.075000 0.058015 0.063333
2 0.687786 0.105000 0.035115 0.036667
